%m-M	Y	J	H	K	L'
%M type
2.95	13.81	13.02	12.41	11.95	... 
-0.173	 ... 	 ... 	 ... 	 ... 	...
0.31	 ... 	11.73	11.10	10.53	9.78	11.99	11.08
-0.56	 ... 	10.59	9.92	9.50	8.82	10.63	9.89	9.52	
-0.56    ... 	10.92	10.24	9.82	9.10	10.97	1
-0.56    ... 	9.94	9.34	9.05	8.61	9.98	9.31	9.07	
4.30	 ... 	 ... 	 ... 	 ... 	 ... 	16.19	15.29	14.96
0.787	 ... 	11.15	10.61	10.15	9.80	11.20	10.56
0.787	 ... 	11.50   10.93	10.46	10.02	11.56	10.91	1
1.7 	 ... 	 ... 	 ... 	 ... 	 ... 	13.61	12.98(3)
2.58 +or- 0.04	 ... 	 ... 	 ... 	 ... 	 ... 	14.04(3)	13.36(3)	12.86(3)	33; 79; 2
-2.870 +or- 0.023	 ... 	 ... 	 ... 	 ... 	 ... 	6.86(2)	6.30(3)	5.91(4)	50; 77; 2, 63	
-2.870 +or- 0.023	 ... 	 ... 	 ... 	 ... 	 ... 	7.24(3)	6.60(3)	6.31(5)	50; 77; 2, 63	
1.76 +or- 0.03	 ... 	 ... 	 ... 	 ... 	 ... 	13.45(2)	12.58(3)	11.98(2)	33; 81; 2
1.05 +or- 0.19	 ... 	12.50(3)	11.81(3)	11.45(3)	 ... 	12.55(2)	11.87(2)
3.76 +or- 0.28	 ... 	 ... 	 ... 	 ... 	 ... 	13.77(3)	13.10(2)	12.68(3)	149; 160; 2
2.218 +or- 0.024	 ... 	 ... 	 ... 	 ... 	 ... 	13.13(2)	12.44(2)	11.96(2)	33; 33; 2
-2.069 +or- 0.008	[8.96(6)]	[8.34(3)]	[7.92(4)]	[7.55(5)]	 ... 	8.39(3)	7.88(4)	7.59(5)	47; 	
2.20 +or- 0.24	 ... 	 ... 	 ... 	 ... 	 ... 	13.60(3)	13.09(3)	12.75(3)	149; 51; 2	
0.809 +or- 0.019	 ... 	 ... 	 ... 	 ... 	 ... 	11.76(2)	11.07(2)	10.64(2)	33; 79; 2
-1.52 +or- 0.05	[11.53(5)]	10.68(3)	9.98(3)	9.53(3)	8.72(7)	10.73(2)	10.02(2)	9.55(2)	150; 151; 1, 2, 90	
0.83 +or- 0.06	 ... 	11.24(3)	10.53(3)	10.15(3)	 ... 	11.30(2)	10.61(2)	10.23(2)	123; 160; 2, 90	
1.17 +or- 0.07	 ... 	 ... 	 ... 	 ... 	 ... 	11.62(2)	11.07(2)	10.69(2)	123; 77; 2	
1.41 +or- 0.04	 ... 	 ... 	 ... 	 ... 	 ... 	11.56(2)	11.06(4)	10.76(2)	123; 131; 2	
-0.02 +or- 0.03	 ... 	 ... 	 ... 	 ... 	 ... 	10.70(2)	9.97(2)	9.56(2)	102; 102; 2	
4.36 +or- 0.16	 ... 	14.65(5)	14.21(5)	14.06(5)	 ... 	14.64(3)	14.23(5)	14.10(7)
0.91 +or- 0.04	 ... 	 ... 	 ... 	 ... 	 ... 	11.32(3)	10.66(2)	10.32(2)	102; 102; 2	
1.73 +or- 0.07	 ... 	 ... 	 ... 	 ... 	 ... 	12.14(2)	11.64(3)	11.33(2)	123; 131; 2	
1.33 +or- 0.18	 ... 	 ... 	 ... 	 ... 	 ... 	13.23(3)	12.54(3)	12.10(3)	150; 138; 2	
0.648 +or- 0.029	 ... 	[10.63(2)]	[10.20(2)]	[9.80(2)]	 ... 	[10.68(2)]	[10.16(2)]	
0.648 +or- 0.029	 ... 	[10.74(2)]	[10.31(2)]	[9.90(2)]	 ... 	[10.79(2)]	[10.28(2)]
-0.15 +or- 0.03	 ... 	10.17(3)	9.58(3)	9.25(3)	8.80(7)	10.15(2)	9.63(2)	9.29(2)	26; 65; 2, 90
1.32 +or- 0.04	 ... 	 ... 	 ... 	 ... 	 ... 	10.88(2)	10.20(2)	9.85(2)	47;
1.12 +or- 0.17	 ... 	 ... 	 ... 	 ... 	 ... 	11.89(2)	11.16(2)	10.76(2)
1.471 +or- 0.026	 ... 	 ... 	 ... 	 ... 	 ... 	12.03(2)	11.48(2)	
0.73 +or- 0.03	 ... 	 ... 	 ... 	 ... 	 ... 	11.05(2)	10.42(2)	10.05(2)
-0.347 +or- 0.028	 ... 	11.18(5)	10.48(5)	9.91(5)	9.39(7)	11.21(3)	10.47(3)
-0.98 +or- 0.04	 ... 	 ... 	 ... 	 ... 	 ... 	9.44(2)	8.84(2)	8.44(2)	66; 66; 2
2.3 +or- 0.4	 ... 	 ... 	 ... 	 ... 	 ... 	14.20(3)	13.51(3)	13.10(4)	149; 160; 2	
2.48 +or- 0.20	 ... 	 ... 	 ... 	 ... 	 ... 	13.36(3)	12.72(2)	12.32(2)	149; 160; 2
3.46 +or- 0.21	[15.11(6)]	[14.57(3)]	[14.39(5)]	[14.38(8)]	 ... 	14.62(3)	14.38(5)
-1.71 +or- 0.04	 ... 	8.92(5)	8.39(5)	7.95(5)	7.45(5)	8.86(2)	8.26(4)	7.93(3)	155; 49, 78; 2, 93, 133	
1.93 +or- 0.12	 ... 	12.42(3)	11.82(3)	11.52(3)	
-3.112 +or- 0.011	[7.74(6)]	7.03(5)	6.49(5)	6.06(5)	5.71(5)	7.09(2)	6.48(4)
3.71 +or- 0.06	[14.16(6)]	[12.98(2)]	[12.40(2)]	[11.85(2)]	
1.59 +or- 0.14	 ... 	 ... 	 ... 	 ... 	11.05(12)	12.33(2)	11.72(3)
0.68 +or- 0.06	 ... 	11.89(3)	11.33(3)	 ... 	10.20(2)	 ... 
0.76 +or- 0.08	 ... 	 ... 	 ... 	 ... 	 ... 	11.26(2)	10.66(3)	10.26(2)
2.4 +or- 0.8	 ... 	 ... 	 ... 	 ... 	 ... 	12.86(2)	12.26(2)
3.59 +or- 0.05	[13.68(6)]	[12.94(3)]	[12.43(3)]	[11.91(3)]	11.38(10)
1.16 +or- 0.14	 ... 	 ... 	 ... 	 ... 	 ... 	12.57(2)	11.82(3)	11.35(3)
2.01 +or- 0.06	 ... 	 ... 	 ... 	 ... 	10.89(7)	12.20(2)	11.70(2)	11.37(2)
2.94 +or- 0.06	[14.55(11)]	[13.67(10)]	[13.44(10)]	[12.99(10)]
2.93 +or- 0.14	 ... 	 ... 	 ... 	 ... 	 ... 	13.73(3)	13.08(3)
4.37 +or- 0.08	 ... 	 ... 	 ... 	 ... 	 ... 	14.77(4)	14.40(5)
0.41 +or- 0.11	 ... 	 ... 	 ... 	 ... 	 ... 	11.01(2)	10.39(2)
0.21 +or- 0.03	[12.85(5)]	11.91(3)	11.27(3)	10.72(3)	10.12(3)	11.99(2)
-4.432 +or- 0.002	 ... 	 ... 	 ... 	 ... 	 ... 	5.36(2)	4.84(6)	4.38(3)	6; 64; 2
-0.081 +or- 0.029	 ... 	 ... 	 ... 	 ... 	 ... 	10.79(2)	10.14(2)	
2.73 +or- 0.06	[13.67(6)]	13.27(3)	12.77(3)	12.48(3)	11.93(10)	13.19(3)
1.05 +or- 0.07	 ... 	 ... 	 ... 	 ... 	 ... 	12.55(3)	12.14(3)
-0.08 +or- 0.04	 ... 	11.28(6)	10.67(4)	10.16(3)	9.47(10)
-0.08 +or- 0.04	 ... 	11.79(6)	11.21(4)	10.63(3)	9.96(10)
-1.01 +or- 0.07	 ... 	9.94(5)	9.43(5)	8.93(5)	8.43(3)	9.97(3)	9.31(2)	8.93(3)	150; 49, 79; 2, 93, 90	
0.125 +or- 0.014	 ... 	11.76(5)	11.18(5)	10.69(5)	10.04(8)
1.07 +or- 0.17	 ... 	12.53(3)	11.79(3)	11.34(3)	10.68(12)	12.61(2)
3.59 +or- 0.05	 ... 	 ... 	 ... 	 ... 	 ... 	 ... 	 ... 	14.10(30)	156; 68; 68
0.371 +or- 0.020	 ... 	 ... 	 ... 	 ... 	 ... 	10.53(2)	9.97(2)	9.61(2)	
-0.945 +or- 0.010	[10.40(6)]	[9.73(3)]	[9.24(2)]	[8.79(2)]	 ... 
0.88 +or- 0.05	 ... 	[11.70(3)]	[11.14(3)]	[10.67(2)]	 ... 	
2.59 +or- 0.07	 ... 	[13.13(2)]	[12.63(4)]	[12.22(2)]	 ... 	[13.17(2)]
2.59 +or- 0.07	 ... 	[14.08(3)]	[13.40(8)]	[12.87(2)]	 ... 	[14.14(3)]
-1.234 +or- 0.006	 ... 	 ... 	 ... 	 ... 	 ... 	10.27(2)	9.62(2)	
0.50 +or- 0.05	 ... 	 ... 	 ... 	 ... 	 ... 	11.01(2)	10.38(3)	10.01(2)
1.13 +or- 0.08	 ... 	 ... 	 ... 	 ... 	 ... 	10.97(2)	10.38(2)	10.01(2)	
0.92 +or- 0.08	 ... 	 ... 	 ... 	 ... 	 ... 	10.73(3)	10.14(3)	9.83(2)	27; 27; 2
0.753 +or- 0.025	 ... 	11.31(3)	10.70(3)	10.35(3)	9.78(4)	11.31(2)
-2.070 +or- 0.009	 ... 	 ... 	 ... 	 ... 	 ... 	9.58(2)	8.99(3)	8.52(2)	66
2.63 +or- 0.08	 ... 	[12.51(5)]	[11.93(8)]	[11.49(2)]	 ... 	[12.56(5)]
2.63 +or- 0.08	 ... 	[12.75(5)]	[12.21(10)]	[11.79(2)]	 ... 	[12.80(5)]
-1.153 +or- 0.010	[10.62(6)]	[9.86(3)]	[9.26(3)]	[8.74(2)]	 
3.416 +or- 0.022	 ... 	 ... 	11.93(6)	 ... 	 ... 	 ... 	 ...
-1.714 +or- 0.015	 ... 	 ... 	 ... 	 ... 	 ... 	8.27(3)	7.73(3)	
3.33 +or- 0.13	[14.09(6)]	[13.56(3)]	[13.19(4)]	[12.91(3)]	
1.57 +or- 0.05	 ... 	 ... 	 ... 	 ... 	 ... 	11.78(2)	11.30(2)	
1.7 +or- 0.4	 ... 	 ... 	 ... 	 ... 	 ... 	13.43(3)	12.77(3)
2.44 +or- 0.07	 ... 	[13.26(6)]	[12.69(7)]	[12.24(3)]	 ...
2.44 +or- 0.07	 ... 	[14.21(12)]	[13.60(13)]	[12.97(4)]	 ...
1.14 +or- 0.08	 ... 	 ... 	 ... 	 ... 	 ... 	11.29(3)	10.78(3)	
2.24 +or- 0.07	 ... 	[13.04(2)]	[12.44(2)]	[12.01(3)]	 ... 	[13.09(2)]
2.24 +or- 0.07	 ... 	[13.10(2)]	[12.51(2)]	[12.08(3)]	 ... 
3.04 +or- 0.04	 ... 	 ... 	 ... 	 ... 	 ... 	14.00(3)	13.50(3)	
3.56 +or- 0.25	 ... 	 ... 	 ... 	 ... 	 ... 	14.12(3)	13.52(3)	13.12(4)
0.26 +or- 0.12	 ... 	 ... 	 ... 	 ... 	 ... 	10.77(2)	10.22(3)	9.84(2)	155; 77; 2
7.6 +or- 0.4	 ... 	[13.25(3)]	[12.58(2)]	[12.14(2)]	11.16(6)
7.6 +or- 0.4	 ... 	[13.31(3)]	[12.67(2)]	[12.19(3)]	11.39(6)
1.81 +or- 0.18	 ... 	 ... 	 ... 	 ... 	 ... 	12.39(2)	11.77(2)
1.45 +or- 0.07	 ... 	 ... 	 ... 	 ... 	 ... 	13.34(2)	12.69(2)	12.18(2)
0.42 +or- 0.07	 ... 	 ... 	 ... 	 ... 	 ... 	11.35(2)	10.72(2)
0.80 +or- 0.06	 ... 	 ... 	 ... 	 ... 	 ... 	11.65(2)	11.06(3)
2.5 +or- 0.3	 ... 	 ... 	 ... 	 ... 	 ... 	13.26(3)	12.75(2)	12.43(3)
1.77 +or- 0.09	[13.88(6)]	[13.00(2)]	[12.41(3)]	[11.86(2)]	 ... 	13.05(2)

%L type
0.57 	 ... 	13.76	12.82	12.06	 ... 	
0.57 	 ... 	13.86	12.97	12.16	 ... 	
2.13	17.61	16.39	15.37	14.49	 ... 	16.28	15.27	14.48
2.6	17.55	16.58	15.66	14.99	13.35	16.83	15.65
2.13 	17.61	16.39	15.37	14.49	 ... 	16.28	15.27
2.6	17.55	16.58	15.66	14.99	13.35	16.83
-0.288	13.58	12.30	11.64	11.04	10.08	12.47
0.97 +or- 0.15	[16.91(6)]	15.75(3)	14.56(3)	13.58(3)	12.06(7)	15.82(6)
1.48 +or- 0.06	 ... 	[15.15(8)]	[14.30(5)]	[13.69(5)]	 ... 	[15.32(8)]	[14.26(4)]
1.48 +or- 0.06	 ... 	[15.22(8)]	[14.42(5)]	[13.80(5)]	 ... 	[15.36(8)]	[14.39(4)]	
1.64 +or- 0.04	 ... 	 ... 	[12.77(20)]	[12.16(8)]	 ... 	 ... 	12.73(20)	12.19(8)	156; 53; 1, 2
-1.52 +or- 0.04	[14.21(6)]	[13.12(3)]	[12.26(2)]	[11.55(2)]	 ... 	13.25(3)	12.20(2)
2.54 +or- 0.11	 ... 	 ... 	 ... 	 ... 	 ... 	15.48(5)	14.40(5)	13.84(5)	33; 81; 2
2.40 +or- 0.28	[17.41(6)]	16.35(3)	15.47(3)	14.87(3)	13.33(5)	16.69(14)	15.55(12)	14.92(11)
2.153 +or- 0.029	[14.94(6)]	13.84(5)	13.20(5)	12.66(5)	12.01(10)	14.00(3)	13.21(3)	12.67(2)
0.71 +or- 0.03	 ... 	[14.86(4)]	[13.96(3)]	13.28(4)	 ... 	[15.01(3)]	[13.92(4)]	[13.26(4)]
1.80 +or- 0.04	 ... 	[16.38(14)]	[15.27(10)]	[[14.40(10)]]	 ... 	[16.50(13)]	[15.21(10)]
1.87 +or- 0.09	 ... 	 ... 	 ... 	 ... 	 ... 	15.18(6)	14.90(9)	14.92(15)	139; 15; 2
0.59 +or- 0.06	[15.02(6)]	13.85(3)	13.04(3)	12.40(3)	11.32(5)	14.03(3)	13.10(3)
1.64 +or- 0.14	 ... 	13.63(11)	12.78(12)	12.01(7)	 ... 	 ... 	 ... 	 ... 	158; 158; 158	
3.32 +or- 0.07	 ... 	[16.09(10)]	[14.74(10)]	[14.10(8)]	 ... 	16.18(10)	14.69(10)	14.14(8)
1.27 +or- 0.23	 ... 	 ... 	 ... 	 ... 	 ... 	13.75(3)	12.94(3)	12.45(3)	4; 137; 2
1.261 +or- 0.010	 ... 	 ... 	 ... 	 ... 	 ... 	16.26(9)	15.08(7)	14.60(9)	156; 113; 2
3.26 +or- 0.06	 ... 	 ... 	 ... 	 ... 	 ... 	15.92(120)	14.62(12)	14.29(11)	156; 120; 120	
0.31 +or- 0.03	 ... 	[13.09(2)]	[12.26(2)]	[11.56(2)]	 ... 	[13.16(3)]
0.31 +or- 0.03	 ... 	[14.58(3)]	[13.66(2)]	[12.95(2)]	 ... 	[14.68(5)]	[13.61(4)]
2.44 +or- 0.16	 ... 	 ... 	 ... 	 ... 	 ... 	14.09(3)	13.28(4)	12.77(3)	4; 137; 2	
0.455 +or- 0.024	 ... 	12.17(3)	11.56(3)	 ... 	 ... 	 ... 	 ... 	11.06(2)
0.455 +or- 0.024	 ... 	12.68(3)	12.00(4)	 ... 	 ... 	 ... 	 ... 
1.83 +or- 0.05	 ... 	[[[14.88(6)]]]	[[[14.16(6)]]]	[[[13.59(5)]]]	 ... 	[[[14.98(6)]]]	[[[14.07(7)]]]	
1.83 +or- 0.05	 ... 	[[[16.24(18)]]]	[[[16.26(33)]]]	[[[16.37(40)]]]	 ... 	[[[16.47(19)]]]	[[[16.15(33)]]]
0.139 +or- 0.023	[16.03(6)]	14.89(3)	13.81(3)	12.93(3)	11.53(3)	15.10(3)	13.79(3)
0.58 +or- 0.10	[16.25(6)]	15.22(3)	14.40(3)	13.68(3)	11.98(5)	15.44(5)
-0.35 +or- 0.21	[14.35(6)]	[13.08(2)]	[12.00(2)]	[11.11(2)]	 ... 	13.17(2)
2.61 +or- 0.06	 ... 	16.62(5)	15.63(4)	14.74(4)	 ... 	[16.88(12)]
2.61 +or- 0.06	 ... 	17.44(9)	16.43(6)	15.65(6)	 ... 	[17.71(14)]
1.86 +or- 0.22	 ... 	 ... 	 ... 	 ... 	 ... 	13.89(2)	13.09(2)	12.54(3)
1.544 +or- 0.024	 ... 	[16.07(8)]	[15.33(8)]	[14.67(6)]	 ... 	[16.18(8)]	[15.28(8)]	14.67(6)
1.544 +or- 0.024	 ... 	[16.25(8)]	[15.53(8)]	[14.93(7)]	 ... 	[16.35(8)]	[15.48(8)]
2.32 +or- 0.05	 ... 	[16.16(7)]	[15.36(6)]	[14.57(6)]	 ... 	[16.27(7)]	[15.30(6)]
2.32 +or- 0.05	 ... 	[16.41(7)]	[15.62(6)]	[14.89(7)]	 ... 	[16.50(7)]	
4.0 +or- 1.3	 ... 	 ... 	 ... 	 ... 	 ... 	17.23(21)	15.90(14)	15.14(13)	157; 82; 2	
1.30 +or- 0.22	 ... 	 ... 	 ... 	 ... 	 ... 	14.48(4)	13.49(4)	12.92(2)	4; 54; 2
2.60 +or- 0.10	 ... 	[[14.53(9)]]	[[13.94(5)]]	[13.38(2)]	 ... 	[[14.59(9)]]	[[13.90(5)]]
2.60 +or- 0.10	 ... 	[[15.09(14)]]	[[14.25(7)]]	[13.50(2)]	 ... 	[[15.18(15)]]	
2.26 +or- 0.20	 ... 	 ... 	 ... 	 ... 	 ... 	14.21(3)	13.42(2)	12.80(2)
2.979 +or- 0.027	[15.85(6)]	[14.85(4)]	[14.06(3)]	[13.58(4)]	 ... 	14.90(4)
1.19 +or- 0.04	[15.31(6)]	14.12(5)	13.29(5)	12.55(5)	11.62(7)
1.705 +or- 0.021	 ... 	[[15.12(16)]]	[[14.16(7)]]	[13.28(3)]	 ... 	[[15.23(16)]]
1.705 +or- 0.021	 ... 	[[15.39(19)]]	[[14.48(9)]]	[13.63(3)]	 ... 	[[15.46(20)]]
2.29 +or- 0.06	 ... 	 ... 	 ... 	 ... 	 ... 	 ... 	 ... 	 ... 	1; 1; 1, 2	
2.29 +or- 0.06	 ... 	 ... 	 ... 	 ... 	 ... 	 ... 	 ... 	 ... 	1; 1; 1, 2	
3.59 +or- 0.05	 ... 	[19.91(20)]	[18.15(21)]	[16.87(11)]	15.28(14)	20.00(20)
1.74 +or- 0.09	 ... 	[[14.87(15)]]	[[14.06(9)]]	[13.40(5)]	 ... 	[[14.97(14)]]	
1.74 +or- 0.09	 ... 	[[15.23(20)]]	[[14.26(11)]]	[13.53(5)]	 ... 	[[15.32(19)]]	
4.8 +or- 0.6	[16.67(12)]	[16.05(11)]	[15.79(15)]	 ... 	 ... 
1.52 +or- 0.11	 ... 	13.70(5)	12.97(5)	12.34(5)	 ... 	[13.88(3)]
1.52 +or- 0.11	 ... 	14.37(6)	13.49(5)	12.76(5)	 ... 	
2.45 +or- 0.06	 ... 	 ... 	 ... 	 ... 	 ... 	15.25(5)	14.30(3)	13.62(5)
1.51 +or- 0.28	[17.42(6)]	16.21(3)	15.10(3)	14.17(3)	 ...
2.54 +or- 0.27	 ... 	 ... 	 ... 	 ... 	 ... 	16.19(11)	15.00(8)	14.27(8)
1.88 +or- 0.06	 ... 	[16.47(8)]	[15.54(7)]	[14.83(10)]	 ... 	[16.58(8)]
-0.201 +or- 0.026	14.28(1)	13.04(1)	12.49(1)	12.08(1)
3.30 +or- 0.06	[17.96(6)]	16.79(3)	16.03(3)	15.35(3)	 ... 	16.95(17)
2.49 +or- 0.17	17.01(10)	15.64(5)	14.75(5)	14.09(5)	12.93(7)
5.0 +or- 1.5	 ... 	 ... 	 ... 	 ... 	 ... 	16.48(10)	15.61(12)
4.0 +or- 1.0	 ... 	16.41(3)	15.68(3)	15.12(3)	 ... 	16.49(12)
0.787 +or- 0.016	[13.67(5)]	12.66(3)	12.05(3)	11.47(3)
0.15 +or- 0.03	 ... 	 ... 	 ... 	 ... 	 ... 	 ... 	 ... 	 ... 	156; 46; -	
1.71 +or- 0.16	 ... 	15.56(5)	14.59(5)	13.80(5)	 ... 	15.89(8)
1.297 +or- 0.013	 ... 	13.81(9)	13.04(15)	12.35(4)	 ... 
1.297 +or- 0.013	 ... 	14.12(9)	13.33(15)	12.54(4)	
-0.674 +or- 0.010	[13.91(6)]	12.70(3)	11.90(3)	11.29(3)	9.98(3)	12.83(3)
1.26 +or- 0.03	[17.03(7)]	15.95(5)	15.05(5)	14.35(5)	12.86(5)	16.06(10)
0.95 +or- 0.12	 ... 	 ... 	 ... 	 ... 	 ... 	13.92(3)	13.06(3)	12.57(3)
2.62 +or- 0.20	 ... 	 ... 	 ... 	 ... 	 ... 	15.28(5)	14.35(4)	13.60(4)
2.63 +or- 0.08	[14.98(6)]	[14.39(3)]	[14.53(5)]	[14.44(7)]	 ... 	14.44(3)
0.92 +or- 0.07	[16.86(7)]	15.77(5)	14.68(5)	13.97(5)	12.54(5)
-0.3 +or- 0.6	 ... 	 ... 	 ... 	 ... 	 ... 	16.59(6)	15.34(6)
1.342 +or- 0.028	 ... 	 ... 	 ... 	 ... 	 ... 	13.29(2)	12.47(3)
1.8 +or- 0.7	[14.27(6)]	[13.24(3)]	[12.60(2)]	[12.01(2)]	 ... 
2.4 +or- 0.3	[18.09(18)]	[16.95(18)]	[15.86(11)]	[14.71(10)]
2.06 +or- 0.04	 ... 	[16.53(8)]	[15.38(7)]	[14.40(5)]	 ... 
2.06 +or- 0.04	 ... 	[16.76(8)]	[15.79(7)]	[14.97(5)]	 ... 
0.88 +or- 0.05	 ... 	[12.27(3)]	[11.69(3)]	[11.15(2)]	 ... 
-0.18 +or- 0.05	[14.34(6)]	[13.20(2)]	[12.47(2)]	[11.82(2)]	 ... 	
1.40 +or- 0.05	 ... 	 ... 	 ... 	 ... 	 ... 	11.45(2)	10.84(2)	10.40(2)
3.14 +or- 0.18	 ... 	 ... 	 ... 	 ... 	 ... 	16.16(9)	14.97(7)	14.22(7)
1.248 +or- 0.014	 ... 	 ... 	 ... 	 ... 	 ... 	 ... 	14.04(14)
2.35 +or- 0.05	 ... 	16.79(4)	16.05(4)	15.41(4)
2.60 +or- 0.25	 ... 	[[17.42(10)]]	[[16.50(6)]]	15.62(3)	 ... 
2.60 +or- 0.25	 ... 	[[17.73(12)]]	[[16.80(7)]]	15.91(3)	 ... 
3.06 +or- 0.07	 ... 	18.13(55)	16.85(12)	 ... 	 ... 	 ... 	 ...
0.88 +or- 0.04	 ... 	 ... 	 ... 	 ... 	 ... 	10.34(2)	9.74(3)	9.43(3)	
2.7 +or- 0.5	 ... 	 ... 	 ... 	 ... 	 ... 	13.32(2)	12.66(3)
2.22 +or- 0.04	 ... 	[16.12(6)]	[15.05(6)]	[14.23(6)]	 ... 
2.22 +or- 0.04	 ... 	[16.97(7)]	[15.96(7)]	[15.09(7)]	 ... 	
0.323 +or- 0.028	[15.32(6)]	13.89(3)	12.84(3)	11.98(3)
1.00 +or- 0.06	 ... 	[14.66(4)]	[13.73(4)]	[13.10(3)]	 ... 
4.04.0 +or- 0.4	 ... 	15.50(5)	14.80(5)	14.28(5)	 ... 	15.65(6) +or- 0.4	 ... 	15.50(5)	14.80(5)	14.28(5)	 ... 	15.65(6)




%T type
0.75	15.80	14.73	14.74	14.82	13.03	
0.82 	18.90	18.15	18.49	18.48	 ... 	 ... 	 ... 	 ... 	
0.219 	17.22	16.31	16.72	16.86	 ... 	16.59
0.12	16.80	15.65	16.04	15.91	 ... 	15.93	15.84
-0.07 +or- 0.04	18.82(2)	18.06(3)	18.27(5)	[18.68(5)]	 ... 	[18.34(3)]	[18.20(5)]
1.65 +or- 0.16	[17.27(7)]	16.25(5)	15.54(5)	15.18(5)	13.54(5)	16.57(13)
2.7 +or- 0.3	[17.71(7)]	16.63(5)	16.66(5)	16.62(5)	 ... 	16.80(16)	[16.60(5)]
0.14 +or- 0.08	[16.13(6)]	15.13(3)	15.39(3)	15.34(3)	13.25(5)	15.38(5)
-1.2 +or- 0.6	 ... 	16.14(12)	16.51(12)	16.84(12)	 ... 	16.43(12)	16.47(12)	16.69(12)
-1.218 +or- 0.021	[16.28(6)]	15.32(3)	15.70(3)	15.83(3)	13.28(5)	15.69(6)	15.54(11)	15.43(20)
0.71 +or- 0.03	 ... 	[15.28(5)]	[14.68(4)]	14.46(7)	 ... 	[15.48(4)]	[14.63(5)]
1.80 +or- 0.04	 ... 	[16.84(18)]	[16.21(17)]	[[15.93(26)]]	 ... 	[17.03(18)]	[16.16(17)]	[[15.87(24)]]	
0.075 +or- 0.022	[14.69(6)]	13.57(3)	13.64(3)	13.73(3)	12.14(5)	13.80(2)	13.68(4)
-1.200 +or- 0.012	15.17(10)	14.01(5)	14.36(5)	14.36(5)	12.24(5)	 ... 	 ... 
-1.926 +or- 0.021	17.37(2)	16.52(2)	16.90(2)	17.07(8)	13.40(30)	16.49(13)
-0.256 +or- 0.017	[16.16(6)]	15.19(3)	15.67(3)	15.69(3)	13.68(5)	15.60(6)	15.76(17)
1.34 +or- 0.04	 ... 	15.90(8)	16.03(8)	16.22(8)	 ... 	16.12(8)	
-1.54 +or- 0.14	 ... 	 ... 	 ... 	 ... 	 ... 	13.61(2)	13.53(3)	13.52(4)
2.92 +or- 0.26	18.29(5)	17.19(2)	17.44(5)	17.52(11)	 ... 	 ... 	 ..
2.4 +or- 1.1	[17.91(7)]	16.90(5)	16.21(5)	15.98(5)	 ... 	[17.04(5)]
1.02 +or- 0.09	18.82(5)	17.90(4)	18.46(13)	 ... 	 ... 
1.80 +or- 0.05	 ... 	[16.35(9)]	[15.85(10)]	[[16.05(19)]]	 ... 	[16.52(8)]
1.80 +or- 0.05	 ... 	[16.56(10)]	[16.48(12)]	[[16.66(21)]]	 ... 	[16.79(9)]
-1.066 +or- 0.023	[15.18(6)]	14.29(3)	14.67(3)	15.39(6)	12.34(5)	14.65(4)
-1.36 +or- 0.05	16.47(9)	15.61(9)	15.96(9)	16.83(9)	 ... 	15.98(11)
2.8 +or- 0.3	20.03(14)	18.85(7)	19.46(22)	 ... 	 ... 	 ... 	 ... 	 ... 	118; 112; 112
3.01 +or- 0.18	18.90(8)	17.71(4)	17.87(7)	18.12(17)	 ... 
2.62 +or- 0.09	 ... 	16.68(3)	15.86(3)	[15.60(4)]	 ... 	[17.02(10)]
2.62 +or- 0.09	 ... 	16.58(3)	16.59(4)	[16.69(7)]	 ... 
0.12 +or- 0.09	[16.44(6)]	15.46(3)	15.83(3)	16.20(3)	 ... 	15.82(6)
1.42 +or- 0.05	[17.07(7)]	16.12(5)	16.22(5)	16.05(5)
-1.267 +or- 0.017	[16.36(7)]	15.52(5)	15.82(5)	16.54(5)	
3.9 +or- 1.3	19.92(8)	18.68(4)	19.23(6)	19.06(5)	 ... 
1.70 +or- 0.05	 ... 	15.82(5)	15.32(4)	15.23(4)	 ... 	[16.16(9)]
1.70 +or- 0.05	 ... 	17.21(16)	18.12(28)	18.43(47)	 ... 
0.21 +or- 0.05	[16.58(6)]	15.56(3)	15.98(3)	15.92(3)	13.96(5)
0.62 +or- 0.07	 ... 	15.16(3)	15.42(3)	15.51(3)	 ... 	[15.53(5)]
0.62 +or- 0.07	 ... 	16.48(3)	16.91(3)	17.10(3)	 ... 	[16.91(5)]
0.09 +or- 0.11	[16.70(10)]	15.56(10)	15.94(10)	16.40(10)	 ... 
0.36 +or- 0.05	[15.74(6)]	14.66(3)	14.13(3)	13.84(3)	12.25(5)
0.34 +or- 0.04	17.72(2)	16.69(1)	17.01(4)	16.90(6)	 ... 
1.8 +or- 0.4	20.00(8)	18.86(4)	19.50(10)	19.60(12)	
0.00 +or- 0.03	18.81(4)	17.90(1)	18.25(1)	18.28(3)	 ... 	 ... 	 ... 
0.83 +or- 0.07	[16.50(7)]	15.49(5)	15.84(5)	15.73(5)	 ... 	16.00(10)
1.88 +or- 0.06	 ... 	[15.93(7)]	[16.05(7)]	[16.16(10)]	 ... 	[16.12(7)]
-0.201 +or- 0.026	18.13(2)	17.35(2)	17.62(2)	18.93(17)
1.177 +or- 0.020	19.69(5)	18.71(5)	19.14(20)	[19.89(33)]	 ... 
-1.168 +or- 0.012	[16.01(7)]	14.82(5)	15.28(5)	15.52(5)	12.98(5)
2.52 +or- 0.18	 ... 	19.85(2)	20.24(13)	20.57(37)	 ... 	 ... 	 ...
2.52 +or- 0.18	 ... 	21.63(5)	22.55(16)	22.73(42)	 ... 	
-0.98 +or- 0.03	[14.76(6)]	13.55(3)	13.90(3)	13.99(3)	11.91(5)	13.94(2)
1.68 +or- 0.07	 ... 	16.49(3)	16.92(3)	17.02(3)	 ... 	 ... 
1.35 +or- 0.11	17.65(2)	16.59(2)	17.05(4)	17.41(9)
3.02 +or- 0.10	 ... 	17.46(4)	16.83(3)	16.37(3)	 ... 
3.02 +or- 0.10	 ... 	17.29(4)	17.53(4)	17.58(6)	 ... 	[17.47(13)]
1.02 +or- 0.05	 ... 	15.27(3)	15.36(3)	15.53(3)	 ... 	[15.57(6)]	[15.48(10)]
1.02 +or- 0.05	 ... 	15.44(3)	15.64(3)	15.82(3)	 ... 	[15.74(6)]
0.28 +or- 0.05	[16.49(7)]	[15.40(5)]	[15.50(9)]	[15.60(18)]	 ... 	15.63(5)
0.622 +or- 0.026	 ... 	15.93(3)	16.34(3)	16.50(3)	 ... 
0.622 +or- 0.026	 ... 	16.29(4)	16.72(3)	16.93(3)	 ... 	[16.77(7)]
0.207 +or- 0.029	[16.28(7)]	15.20(5)	15.48(5)	15.61(5)	13.60(4)
0.622 +or- 0.026	[17.27(6)]	16.25(3)	16.63(3)	16.72(3)	 ... 
-1.3 +or- 0.5	17.23(2)	 ... 	 ... 	 ... 	 ... 	16.48(2)	16.24(4)
2.21 +or- 0.28	[17.19(7)]	16.14(5)	15.94(5)	16.02(5)	 ... 
0.74 +or- 0.06	[16.91(6)]	15.86(3)	16.20(3)	16.12(3)	 ... 
-2.070 +or- 0.009	 ... 	 ... 	 ... 	 ... 	 ... 	13.26(2)	13.19(3)
2.35 +or- 0.05	 ... 	16.79(4)	16.38(5)	16.26(7)	 ... 	
1.262 +or- 0.017	[16.86(6)]	15.86(3)	15.40(3)	15.12(3)
0.39 +or- 0.10	18.97(4)	18.18(3)	18.77(3)	18.97(6)	 ... 	 ... 	 ... 	 ... 
-2.205 +or- 0.002	 ... 	12.16(2)	11.60(2)	11.42(2)	9.71(5)	12.29(2)
-2.205 +or- 0.002	 ... 	13.05(2)	13.40(2)	13.64(2)	11.34(6)	13.23(3)
4.9 +or- 1.4	19.94(17)	18.86(9)	 ... 	 ... 	 ... 	 ... 
1.00 +or- 0.06	 ... 	[15.36(6)]	[14.90(7)]	[14.82(7)]	 ... 	[15.53(6)]
0.81 +or- 0.11	[16.64(6)]	15.48(3)	15.70(3)	15.73(3)	 ... 	15.82(6)

